124
124
124
124
124
124
124
124
125
124
124
124
124
124
124
123
123
123
123
124
123
123
123
123
124
124
124
123
122
122
122
121
121
121
121
121
121
121
121
121
121
120
120
120
120
120
120
120
120
121
121
121
120
120
120
120
121
120
120
120
120
119
119
118
118
117
116
115
115
149
151
154
158
131
137
143
147
149
115
109
100
123
118
117
117
118
119
119
119
119
119
119
120
120
120
119
119
119
119
119
119
119
119
119
119
119
119
119
119
119
120
120
120
119
119
119
119
119
119
119
119
119
119
119
119
119
119
119
119
119
119
119
119
119
119
119
119
119
119
119
120
119
119
119
119
119
119
119
119
119
119
119
119
119
119
119
119
119
119
119
119
119
119
119
119
119
119
119
119
119
118
119
118
118
118
119
119
119
118
118
118
118
119
119
118
118
119
119
119
119
119
119
120
120
120
120
120
120
120
121
121
121
121
121
121
121
122
121
121
121
121
122
121
121
121
121
121
121
121
121
121
121
121
121
121
121
121
120
121
121
121
121
121
120
121
121
121
121
120
120
121
121
120
121
120
120
120
120
120
120
120
120
120
120
120
120
120
120
120
120
120
120
120
119
120
120
120
120
119
119
120
120
120
120
120
119
119
120
120
120
120
120
120
120
120
120
120
120
120
120
121
120
120
120
120
120
120
121
121
121
121
121
121
121
121
122
122
122
123
122
122
122
122
122
122
122
122
122
122
122
122
122
122
121
120
120
120
120
119
119
119
120
120
120
119
119
119
119
119
119
119
119
119
119
119
120
119
119
119
119
119
119
119
118
119
118
117
116
116
115
114
115
149
152
156
159
133
140
146
149
151
150
114
108
100
125
121
118
116
116
116
117
118
118
118
118
118
118
118
118
118
118
118
118
118
117
117
118
118
118
117
118
118
118
118
118
117
117
117
118
118
118
117
117
118
117
117
117
117
117
118
118
118
118
117
117
118
118
118
118
117
117
118
118
118
118
118
117
118
118
118
118
117
117
117
118
118
117
117
117
117
117
117
117
117
117
117
117
117
117
116
116
116
117
116
116
116
116
116
116
116
116
116
116
116
116
116
117
117
117
117
118
118
118
119
118
119
119
120
120
119
119
120
120
120
120
120
120
120
120
120
120
120
119
120
120
120
120
120
119
120
120
120
120
120
120
120
120
120
120
120
120
120
120
120
120
120
119
120
120
120
119
119
119
119
119
119
119
119
119
119
119
119
119
119
119
119
120
119
119
119
119
119
119
119
119
119
119
119
119
119
119
119
119
119
119
119
119
119
119
119
119
119
119
119
119
119
119
119
119
119
119
119
119
119
119
119
119
119
119
120
120
120
120
120
121
121
121
121
121
121
122
122
122
122
121
122
121
122
121
121
121
121
121
121
122
122
122
121
121
121
120
120
120
119
119
119
119
119
118
119
119
119
119
118
118
118
118
118
118
118
118
118
118
119
118
118
117
117
117
116
115
115
114
113
146
149
153
157
131
138
145
150
152
117
109
97
120
115
115
116
117
118
118
118
118
118
117
118
117
118
118
118
117
117
118
118
117
117
117
117
117
117
117
117
117
117
117
117
117
117
117
117
117
117
117
117
117
118
118
118
118
118
117
117
118
118
118
117
117
117
117
117
117
117
117
117
117
118
118
117
117
117
117
118
118
118
117
118
118
118
118
118
117
117
117
117
117
117
117
117
117
117
117
117
117
117
117
117
117
117
117
117
117
118
118
118
118
119
119
119
119
119
119
119
120
120
120
120
120
120
120
120
120
120
120
120
120
120
120
120
120
119
120
120
120
120
119
120
120
120
120
119
119
120
120
120
119
119
119
119
119
119
119
119
119
119
119
119
119
119
118
119
119
119
119
119
118
118
119
119
119
118
118
118
119
118
119
118
118
118
118
119
119
119
118
118
119
119
119
119
118
119
119
119
119
118
118
119
119
119
119
119
118
119
119
119
119
119
119
119
120
120
120
120
120
120
120
121
121
121
121
121
121
121
121
121
121
121
121
121
121
121
121
121
121
121
121
122
121
121
120
120
119
119
118
118
118
118
118
118
118
118
118
118
118
118
117
118
118
118
118
118
117
117
118
118
117
117
116
116
115
115
114
114
113
111
112
113
147
150
153
157
130
137
143
148
149
115
107
97
120
115
115
116
117
118
118
118
117
117
118
118
118
117
117
117
118
118
118
117
117
117
118
117
117
117
117
117
118
118
118
118
118
118
118
118
118
117
117
118
118
118
118
118
118
118
118
118
118
118
118
118
118
118
118
118
118
118
118
118
118
118
118
118
118
118
118
118
118
118
118
118
118
